{
 "cells": [
  {
   "cell_type": "markdown",
   "metadata": {},
   "source": [
    "# Comparison of QR algorithms\n",
    "\n",
    "IAM 961 Numerical Linear Algebra, University of New Hampshire, J. Gibson 2024-09-23\n",
    "\n",
    "  1. Construct matrix $A$ with known QR decomposition and given singular values.\n",
    "  2. Compute QR decomposition of $A$ using Classical Graham-Schmidt, Modified Gram-Schmidt, and Householder algorithms.\n",
    "  3. Compute errors in QR, Q, R, Q'Q*, and Ax=b solve.\n",
    "  4. Show the deviations of the three QR factorizations from ideal, in terms of $Ax=b$ error and nonorthogonality."
   ]
  },
  {
   "cell_type": "code",
   "execution_count": 1,
   "metadata": {},
   "outputs": [
    {
     "data": {
      "text/plain": [
       "randomNormal (generic function with 2 methods)"
      ]
     },
     "execution_count": 1,
     "metadata": {},
     "output_type": "execute_result"
    }
   ],
   "source": [
    "using LinearAlgebra\n",
    "using Plots\n",
    "using GenericSVD\n",
    "using Printf\n",
    "\n",
    "include(\"qralgorithms.jl\") # my code for QR algorithms"
   ]
  },
  {
   "cell_type": "markdown",
   "metadata": {},
   "source": [
    "## 1. Construct random matrix $A$ with known QR decomposition\n",
    "\n",
    "Build $A$ as product of random unitary $Q$ and upper-triangular $R$ with a specified singular value spectrum and condition number.\n",
    "The singular values are set to \n",
    "\\begin{align*} \n",
    "\\sigma_1, \\; \\sigma_2, \\; \\sigma_3, \\ldots, \\sigma_m  = 1, \\; \\kappa^{-1/(m-1)}, \\; \\kappa^{-2/(m-1)}, \\ldots, \\kappa^{-1}\n",
    "\\end{align*}\n",
    "so that the ratio of the largest to smallest singular values is then $\\kappa = \\sigma_1/\\sigma_m$. \n",
    "This quantity $\\kappa$ is called the *condition number* of the matrix $A$. We will study the condition number in upcoming lectures.\n",
    "Here we set the condition number $\\kappa$ as a parameter in the construction of the matrix $A$.\n",
    "\n",
    "Note that the matrix element type is parameterized. Choice for type include `Float16, Float32, Float64, BigFloat, ComplexF16, ...`."
   ]
  },
  {
   "cell_type": "code",
   "execution_count": 2,
   "metadata": {},
   "outputs": [
    {
     "data": {
      "text/plain": [
       "5×5 Matrix{Float64}:\n",
       " -0.100817   0.459289   -0.211744     0.115627    0.103078\n",
       " -0.198248   0.225504   -0.155684     0.0606836   0.0660669\n",
       "  0.412742  -0.347948    0.200077    -0.144513   -0.210022\n",
       " -0.222      0.0206993   0.00144752   0.0644525   0.170985\n",
       "  0.240148  -0.341879    0.184967    -0.0555655  -0.0855339"
      ]
     },
     "execution_count": 2,
     "metadata": {},
     "output_type": "execute_result"
    }
   ],
   "source": [
    "# matrix A parameters\n",
    "m = 5               # size of matrix A, m x m\n",
    "κ = 1e2             # condition number for matrix A\n",
    "T = Float64         # matrix element type\n",
    "setprecision(256)   # bits of precision for BigFloat\n",
    "ϵ = eps(T)          # machine precision \n",
    "\n",
    "# construct singular value spectrum \n",
    "c = κ^(-one(T)/(m-1) )  # auxiliary variable for singular values\n",
    "σ = c.^(0:m-1)          # singular values log-scaled between 1 and 1/κ\n",
    "Σ = diagm(σ)   \n",
    "\n",
    "# construct Q,R matrices\n",
    "(U,tmp) = qr(randomNormal(T,m,m)) # set U to random unitary matrix\n",
    "(V,tmp) = qr(randomNormal(T,m,m)) # set V to random unitary matrix\n",
    "(tmp,R) = qr(U*Σ*V')              # set R to random up-tri with given singular values\n",
    "rectify!(R)                       # make Rjj positive\n",
    "(Q,tmp) = qr(randomNormal(T,m,m)) # set Q to random unitary matrix \n",
    "Q = Matrix(Q)                     # convert Q from special Householder format to regular matrix\n",
    "\n",
    "# set A to known QR decomposition\n",
    "A = Q*R"
   ]
  },
  {
   "cell_type": "code",
   "execution_count": 3,
   "metadata": {},
   "outputs": [
    {
     "data": {
      "text/plain": [
       "5-element Vector{Float64}:\n",
       " 1.0\n",
       " 0.31622776601683794\n",
       " 0.1\n",
       " 0.0316227766016838\n",
       " 0.01"
      ]
     },
     "execution_count": 3,
     "metadata": {},
     "output_type": "execute_result"
    }
   ],
   "source": [
    "σ"
   ]
  },
  {
   "cell_type": "code",
   "execution_count": 4,
   "metadata": {},
   "outputs": [
    {
     "data": {
      "text/plain": [
       "5×5 Matrix{Float64}:\n",
       " -0.100817   0.459289   -0.211744     0.115627    0.103078\n",
       " -0.198248   0.225504   -0.155684     0.0606836   0.0660669\n",
       "  0.412742  -0.347948    0.200077    -0.144513   -0.210022\n",
       " -0.222      0.0206993   0.00144752   0.0644525   0.170985\n",
       "  0.240148  -0.341879    0.184967    -0.0555655  -0.0855339"
      ]
     },
     "execution_count": 4,
     "metadata": {},
     "output_type": "execute_result"
    }
   ],
   "source": [
    "A"
   ]
  },
  {
   "cell_type": "code",
   "execution_count": 5,
   "metadata": {},
   "outputs": [
    {
     "data": {
      "text/plain": [
       "5-element Vector{Float64}:\n",
       " 1.0\n",
       " 0.316227766016838\n",
       " 0.10000000000000007\n",
       " 0.0316227766016838\n",
       " 0.009999999999999962"
      ]
     },
     "execution_count": 5,
     "metadata": {},
     "output_type": "execute_result"
    }
   ],
   "source": [
    "svdvals(A)"
   ]
  },
  {
   "cell_type": "markdown",
   "metadata": {},
   "source": [
    "### Examine and verify the constructed QR decomposition of $A$"
   ]
  },
  {
   "cell_type": "code",
   "execution_count": 6,
   "metadata": {},
   "outputs": [
    {
     "data": {
      "text/plain": [
       "5×5 Matrix{Float64}:\n",
       " -0.176364   0.839109    0.390662    0.299502   0.149915\n",
       " -0.346803   0.0712166  -0.702361    0.224427   0.575307\n",
       "  0.722026   0.1349      0.0475013  -0.31472    0.599313\n",
       " -0.388353  -0.460361    0.591114    0.0217437  0.53606\n",
       "  0.4201    -0.246363    0.0489914   0.872015   0.00337839"
      ]
     },
     "execution_count": 6,
     "metadata": {},
     "output_type": "execute_result"
    }
   ],
   "source": [
    "Q  # stored in special format for Householder reflector matrices, won;t print values"
   ]
  },
  {
   "cell_type": "code",
   "execution_count": 7,
   "metadata": {},
   "outputs": [
    {
     "data": {
      "text/plain": [
       "5×5 Matrix{Float64}:\n",
       " 0.571644  -0.562097   0.312939   -0.194154   -0.295068\n",
       " 0.0        0.429212  -0.208008    0.0658687   0.00522444\n",
       " 0.0        0.0        0.0460474   0.0310614   0.0807707\n",
       " 0.0        0.0        0.0         0.0466785   0.0409286\n",
       " 0.0        0.0        0.0         0.0         0.0189619"
      ]
     },
     "execution_count": 7,
     "metadata": {},
     "output_type": "execute_result"
    }
   ],
   "source": [
    "R"
   ]
  },
  {
   "cell_type": "code",
   "execution_count": 8,
   "metadata": {},
   "outputs": [
    {
     "data": {
      "text/plain": [
       "5×5 Matrix{Float64}:\n",
       "  1.0          -1.32372e-16  -2.07971e-16   1.18271e-16  -9.03846e-17\n",
       " -1.32372e-16   1.0           2.19859e-16  -1.32974e-16  -2.10529e-17\n",
       " -2.07971e-16   2.19859e-16   1.0          -8.18078e-17   5.2048e-16\n",
       "  1.18271e-16  -1.32974e-16  -8.18078e-17   1.0           1.13583e-16\n",
       " -9.03846e-17  -2.10529e-17   5.2048e-16    1.13583e-16   1.0"
      ]
     },
     "execution_count": 8,
     "metadata": {},
     "output_type": "execute_result"
    }
   ],
   "source": [
    "Q'*Q"
   ]
  },
  {
   "cell_type": "code",
   "execution_count": 9,
   "metadata": {},
   "outputs": [
    {
     "data": {
      "text/plain": [
       "1.2628071735066059e-15"
      ]
     },
     "execution_count": 9,
     "metadata": {},
     "output_type": "execute_result"
    }
   ],
   "source": [
    "norm(I-Q'*Q)"
   ]
  },
  {
   "cell_type": "code",
   "execution_count": 10,
   "metadata": {},
   "outputs": [
    {
     "data": {
      "text/plain": [
       "5×5 Matrix{Float64}:\n",
       " -0.100817   0.459289   -0.211744     0.115627    0.103078\n",
       " -0.198248   0.225504   -0.155684     0.0606836   0.0660669\n",
       "  0.412742  -0.347948    0.200077    -0.144513   -0.210022\n",
       " -0.222      0.0206993   0.00144752   0.0644525   0.170985\n",
       "  0.240148  -0.341879    0.184967    -0.0555655  -0.0855339"
      ]
     },
     "execution_count": 10,
     "metadata": {},
     "output_type": "execute_result"
    }
   ],
   "source": [
    "Q*R"
   ]
  },
  {
   "cell_type": "code",
   "execution_count": 11,
   "metadata": {},
   "outputs": [
    {
     "data": {
      "text/plain": [
       "5×5 Matrix{Float64}:\n",
       " -0.100817   0.459289   -0.211744     0.115627    0.103078\n",
       " -0.198248   0.225504   -0.155684     0.0606836   0.0660669\n",
       "  0.412742  -0.347948    0.200077    -0.144513   -0.210022\n",
       " -0.222      0.0206993   0.00144752   0.0644525   0.170985\n",
       "  0.240148  -0.341879    0.184967    -0.0555655  -0.0855339"
      ]
     },
     "execution_count": 11,
     "metadata": {},
     "output_type": "execute_result"
    }
   ],
   "source": [
    "A"
   ]
  },
  {
   "cell_type": "code",
   "execution_count": 12,
   "metadata": {},
   "outputs": [
    {
     "data": {
      "text/plain": [
       "5×5 Matrix{Float64}:\n",
       " 0.0  0.0  0.0  0.0  0.0\n",
       " 0.0  0.0  0.0  0.0  0.0\n",
       " 0.0  0.0  0.0  0.0  0.0\n",
       " 0.0  0.0  0.0  0.0  0.0\n",
       " 0.0  0.0  0.0  0.0  0.0"
      ]
     },
     "execution_count": 12,
     "metadata": {},
     "output_type": "execute_result"
    }
   ],
   "source": [
    "A - Q*R"
   ]
  },
  {
   "cell_type": "markdown",
   "metadata": {},
   "source": [
    "### Construct $Ax=b$ problem with known solution $x$"
   ]
  },
  {
   "cell_type": "code",
   "execution_count": 13,
   "metadata": {},
   "outputs": [
    {
     "data": {
      "text/plain": [
       "5-element Vector{Float64}:\n",
       "  0.09495503440905093\n",
       "  0.08720689529445994\n",
       " -0.30611920660593783\n",
       "  0.2976347934775233\n",
       " -0.09535803829253174"
      ]
     },
     "execution_count": 13,
     "metadata": {},
     "output_type": "execute_result"
    }
   ],
   "source": [
    "x = randomNormal(T,m)\n",
    "b = A*x"
   ]
  },
  {
   "cell_type": "code",
   "execution_count": 14,
   "metadata": {},
   "outputs": [
    {
     "data": {
      "text/plain": [
       "5×5 Matrix{Float64}:\n",
       " -0.100817   0.459289   -0.211744     0.115627    0.103078\n",
       " -0.198248   0.225504   -0.155684     0.0606836   0.0660669\n",
       "  0.412742  -0.347948    0.200077    -0.144513   -0.210022\n",
       " -0.222      0.0206993   0.00144752   0.0644525   0.170985\n",
       "  0.240148  -0.341879    0.184967    -0.0555655  -0.0855339"
      ]
     },
     "execution_count": 14,
     "metadata": {},
     "output_type": "execute_result"
    }
   ],
   "source": [
    "A"
   ]
  },
  {
   "cell_type": "code",
   "execution_count": 15,
   "metadata": {},
   "outputs": [
    {
     "data": {
      "text/plain": [
       "5-element Vector{Float64}:\n",
       "  0.09495503440905093\n",
       "  0.08720689529445994\n",
       " -0.30611920660593783\n",
       "  0.2976347934775233\n",
       " -0.09535803829253174"
      ]
     },
     "execution_count": 15,
     "metadata": {},
     "output_type": "execute_result"
    }
   ],
   "source": [
    "A*x"
   ]
  },
  {
   "cell_type": "code",
   "execution_count": 16,
   "metadata": {},
   "outputs": [
    {
     "data": {
      "text/plain": [
       "5-element Vector{Float64}:\n",
       "  0.09495503440905093\n",
       "  0.08720689529445994\n",
       " -0.30611920660593783\n",
       "  0.2976347934775233\n",
       " -0.09535803829253174"
      ]
     },
     "execution_count": 16,
     "metadata": {},
     "output_type": "execute_result"
    }
   ],
   "source": [
    "b"
   ]
  },
  {
   "cell_type": "code",
   "execution_count": 17,
   "metadata": {},
   "outputs": [
    {
     "data": {
      "text/plain": [
       "5-element Vector{Float64}:\n",
       " 0.0\n",
       " 0.0\n",
       " 0.0\n",
       " 0.0\n",
       " 0.0"
      ]
     },
     "execution_count": 17,
     "metadata": {},
     "output_type": "execute_result"
    }
   ],
   "source": [
    "A*x-b"
   ]
  },
  {
   "cell_type": "markdown",
   "metadata": {},
   "source": [
    "## 2. Compute and compare QR decompositions with three different algorithms"
   ]
  },
  {
   "cell_type": "code",
   "execution_count": 18,
   "metadata": {},
   "outputs": [],
   "source": [
    "# compute QR decomp via three different algorithms\n",
    "(Qc, Rc) = qrcgs(A)    # Classical Gram-Schmidt\n",
    "(Qm, Rm) = qrmgs(A)    # Modified Gram-Schmidt\n",
    "(Qh, Rh) = qrhouse(A); # Householder"
   ]
  },
  {
   "cell_type": "code",
   "execution_count": 19,
   "metadata": {},
   "outputs": [
    {
     "name": "stdout",
     "output_type": "stream",
     "text": [
      "norm(A - Q * R) = 0.0\n",
      "norm(A - Qc * Rc) = 4.387041589402037e-17\n",
      "norm(A - Qm * Rm) = 4.3112001203216816e-17\n",
      "norm(A - Qh * Rh) = 2.699519716220225e-16\n"
     ]
    }
   ],
   "source": [
    "# compute error of QR decomps A = QR\n",
    "@show norm(A-Q*R)\n",
    "@show norm(A-Qc*Rc)\n",
    "@show norm(A-Qm*Rm)\n",
    "@show norm(A-Qh*Rh);"
   ]
  },
  {
   "cell_type": "code",
   "execution_count": null,
   "metadata": {},
   "outputs": [],
   "source": [
    "eps(BigFloat)"
   ]
  },
  {
   "cell_type": "code",
   "execution_count": 21,
   "metadata": {},
   "outputs": [
    {
     "name": "stdout",
     "output_type": "stream",
     "text": [
      "norm(x) = 2.268324616363912\n",
      "norm(A * x - b) = 0.0\n",
      "norm(x - backsolve(R, Q' * b)) / norm(x) = 2.371826782981323e-15\n",
      "norm(x - backsolve(Rc, Qc' * b)) / norm(x) = 7.079833540961413e-14\n",
      "norm(x - backsolve(Rm, Qm' * b)) / norm(x) = 1.2132064779506024e-13\n",
      "norm(x - backsolve(Rh, Qh' * b)) / norm(x) = 4.507491915346447e-16\n"
     ]
    }
   ],
   "source": [
    "# compute norm of QR solution to Ax=b\n",
    "@show norm(x)\n",
    "@show norm(A*x - b)\n",
    "@show norm(x - backsolve(R, Q'*b))/norm(x)\n",
    "@show norm(x - backsolve(Rc, Qc'*b))/norm(x)\n",
    "@show norm(x - backsolve(Rm, Qm'*b))/norm(x)\n",
    "@show norm(x - backsolve(Rh, Qh'*b))/norm(x);"
   ]
  },
  {
   "cell_type": "code",
   "execution_count": 22,
   "metadata": {},
   "outputs": [
    {
     "data": {
      "text/plain": [
       "5×5 Matrix{Float64}:\n",
       " 0.571644  -0.562097   0.312939   -0.194154   -0.295068\n",
       " 0.0        0.429212  -0.208008    0.0658687   0.00522444\n",
       " 0.0        0.0        0.0460474   0.0310614   0.0807707\n",
       " 0.0        0.0        0.0         0.0466785   0.0409286\n",
       " 0.0        0.0        0.0         0.0         0.0189619"
      ]
     },
     "execution_count": 22,
     "metadata": {},
     "output_type": "execute_result"
    }
   ],
   "source": [
    "R"
   ]
  },
  {
   "cell_type": "code",
   "execution_count": 23,
   "metadata": {},
   "outputs": [
    {
     "data": {
      "text/plain": [
       "5×5 Matrix{Float64}:\n",
       " 0.571644  -0.562097   0.312939   -0.194154   -0.295068\n",
       " 0.0        0.429212  -0.208008    0.0658687   0.00522444\n",
       " 0.0        0.0        0.0460474   0.0310614   0.0807707\n",
       " 0.0        0.0        0.0         0.0466785   0.0409286\n",
       " 0.0        0.0        0.0         0.0         0.0189619"
      ]
     },
     "execution_count": 23,
     "metadata": {},
     "output_type": "execute_result"
    }
   ],
   "source": [
    "Rc"
   ]
  },
  {
   "cell_type": "code",
   "execution_count": 24,
   "metadata": {},
   "outputs": [
    {
     "data": {
      "text/plain": [
       "5×5 Matrix{Float64}:\n",
       " 0.571644  -0.562097   0.312939   -0.194154   -0.295068\n",
       " 0.0        0.429212  -0.208008    0.0658687   0.00522444\n",
       " 0.0        0.0        0.0460474   0.0310614   0.0807707\n",
       " 0.0        0.0        0.0         0.0466785   0.0409286\n",
       " 0.0        0.0        0.0         0.0         0.0189619"
      ]
     },
     "execution_count": 24,
     "metadata": {},
     "output_type": "execute_result"
    }
   ],
   "source": [
    "Rm"
   ]
  },
  {
   "cell_type": "code",
   "execution_count": 25,
   "metadata": {},
   "outputs": [
    {
     "data": {
      "text/plain": [
       "5×5 Matrix{Float64}:\n",
       " 0.571644  -0.562097   0.312939   -0.194154   -0.295068\n",
       " 0.0        0.429212  -0.208008    0.0658687   0.00522444\n",
       " 0.0        0.0        0.0460474   0.0310614   0.0807707\n",
       " 0.0        0.0        0.0         0.0466785   0.0409286\n",
       " 0.0        0.0        0.0         0.0         0.0189619"
      ]
     },
     "execution_count": 25,
     "metadata": {},
     "output_type": "execute_result"
    }
   ],
   "source": [
    "Rh"
   ]
  },
  {
   "cell_type": "code",
   "execution_count": 26,
   "metadata": {},
   "outputs": [
    {
     "name": "stdout",
     "output_type": "stream",
     "text": [
      "norm(Rc - R) = 7.043538084368255e-16\n",
      "norm(Rm - R) = 2.3861277479911296e-16\n",
      "norm(Rh - R) = 1.581764394598322e-16\n"
     ]
    },
    {
     "data": {
      "text/plain": [
       "1.581764394598322e-16"
      ]
     },
     "execution_count": 26,
     "metadata": {},
     "output_type": "execute_result"
    }
   ],
   "source": [
    "# show errors in R matrices\n",
    "@show norm(Rc - R)\n",
    "@show norm(Rm - R)\n",
    "@show norm(Rh - R)"
   ]
  },
  {
   "cell_type": "code",
   "execution_count": 27,
   "metadata": {},
   "outputs": [
    {
     "data": {
      "text/plain": [
       "5×5 Matrix{Float64}:\n",
       " -0.176364   0.839109    0.390662    0.299502   0.149915\n",
       " -0.346803   0.0712166  -0.702361    0.224427   0.575307\n",
       "  0.722026   0.1349      0.0475013  -0.31472    0.599313\n",
       " -0.388353  -0.460361    0.591114    0.0217437  0.53606\n",
       "  0.4201    -0.246363    0.0489914   0.872015   0.00337839"
      ]
     },
     "execution_count": 27,
     "metadata": {},
     "output_type": "execute_result"
    }
   ],
   "source": [
    "Qc"
   ]
  },
  {
   "cell_type": "code",
   "execution_count": 28,
   "metadata": {},
   "outputs": [
    {
     "data": {
      "text/plain": [
       "5×5 Matrix{Float64}:\n",
       " -0.176364   0.839109    0.390662    0.299502   0.149915\n",
       " -0.346803   0.0712166  -0.702361    0.224427   0.575307\n",
       "  0.722026   0.1349      0.0475013  -0.31472    0.599313\n",
       " -0.388353  -0.460361    0.591114    0.0217437  0.53606\n",
       "  0.4201    -0.246363    0.0489914   0.872015   0.00337839"
      ]
     },
     "execution_count": 28,
     "metadata": {},
     "output_type": "execute_result"
    }
   ],
   "source": [
    "Qm"
   ]
  },
  {
   "cell_type": "code",
   "execution_count": 29,
   "metadata": {},
   "outputs": [
    {
     "data": {
      "text/plain": [
       "5×5 Matrix{Float64}:\n",
       " -0.176364   0.839109    0.390662    0.299502   0.149915\n",
       " -0.346803   0.0712166  -0.702361    0.224427   0.575307\n",
       "  0.722026   0.1349      0.0475013  -0.31472    0.599313\n",
       " -0.388353  -0.460361    0.591114    0.0217437  0.53606\n",
       "  0.4201    -0.246363    0.0489914   0.872015   0.00337839"
      ]
     },
     "execution_count": 29,
     "metadata": {},
     "output_type": "execute_result"
    }
   ],
   "source": [
    "Qh"
   ]
  },
  {
   "cell_type": "code",
   "execution_count": 30,
   "metadata": {},
   "outputs": [
    {
     "data": {
      "text/plain": [
       "5×5 Matrix{Float64}:\n",
       " -0.176364   0.839109    0.390662    0.299502   0.149915\n",
       " -0.346803   0.0712166  -0.702361    0.224427   0.575307\n",
       "  0.722026   0.1349      0.0475013  -0.31472    0.599313\n",
       " -0.388353  -0.460361    0.591114    0.0217437  0.53606\n",
       "  0.4201    -0.246363    0.0489914   0.872015   0.00337839"
      ]
     },
     "execution_count": 30,
     "metadata": {},
     "output_type": "execute_result"
    }
   ],
   "source": [
    "Q"
   ]
  },
  {
   "cell_type": "code",
   "execution_count": 32,
   "metadata": {},
   "outputs": [
    {
     "name": "stdout",
     "output_type": "stream",
     "text": [
      "norm(Qc - Q) = 3.265513665084979e-14\n",
      "norm(Qm - Q) = 7.262343239681169e-15\n",
      "norm(Qh - Q) = 1.1924026115595559e-15\n"
     ]
    },
    {
     "data": {
      "text/plain": [
       "1.1924026115595559e-15"
      ]
     },
     "execution_count": 32,
     "metadata": {},
     "output_type": "execute_result"
    }
   ],
   "source": [
    "# show errors in Q matrices\n",
    "@show norm(Qc - Q)\n",
    "@show norm(Qm - Q)\n",
    "@show norm(Qh - Q)"
   ]
  },
  {
   "cell_type": "code",
   "execution_count": 34,
   "metadata": {},
   "outputs": [
    {
     "name": "stdout",
     "output_type": "stream",
     "text": [
      "norm(Q' * Q - I) = 1.2628071735066059e-15\n",
      "norm(Qc' * Qc - I) = 4.5818577897756165e-14\n",
      "norm(Qm' * Qm - I) = 1.0060550086598962e-14\n",
      "norm(Qh' * Qh - I) = 1.819371713674372e-15\n"
     ]
    },
    {
     "data": {
      "text/plain": [
       "1.819371713674372e-15"
      ]
     },
     "execution_count": 34,
     "metadata": {},
     "output_type": "execute_result"
    }
   ],
   "source": [
    "# show nonnormality of Q matrices, via error of Q' Q = I\n",
    "@show norm(Q'*Q - I)\n",
    "@show norm(Qc'*Qc - I)\n",
    "@show norm(Qm'*Qm - I)\n",
    "@show norm(Qh'*Qh - I)"
   ]
  },
  {
   "cell_type": "markdown",
   "metadata": {},
   "source": [
    "## 3. Compute errors in QR, Q, R, Q'Q, and Ax=b solve, print in table"
   ]
  },
  {
   "cell_type": "code",
   "execution_count": 43,
   "metadata": {},
   "outputs": [],
   "source": [
    "# matrix A parameters\n",
    "m = 5              # size of matrix A, m x m\n",
    "κ = 1.0e13             # condition number for matrix A\n",
    "T = BigFloat        # matrix element type\n",
    "setprecision(256)   # bits of precision for BigFloat\n",
    "ϵ = eps(T)          # machine precision \n",
    "κ = T(κ)            # convert condition number to same floating-point type\n",
    "\n",
    "# construct singular value spectrum \n",
    "c = κ^(-one(T)/(m-1) )  # auxiliary variable for singular values\n",
    "σ = c.^(0:m-1)          # singular values log-scaled between 1 and 1/κ\n",
    "Σ = diagm(σ)   \n",
    "\n",
    "# construct Q,R matrices\n",
    "(U,tmp) = qr(randomNormal(T,m,m)) # set U to random unitary matrix\n",
    "(V,tmp) = qr(randomNormal(T,m,m)) # set V to random unitary matrix\n",
    "(tmp,R) = qr(U*Σ*V')              # set R to random up-tri with given singular values\n",
    "rectify!(R)                       # make Rjj positive\n",
    "(Q,tmp) = qr(randomNormal(T,m,m)) # set Q to random unitary matrix \n",
    "Q = Matrix(Q)                     # convert Q from special Householder format to regular matrix\n",
    "\n",
    "# set A to known QR decomposition and construct known Ax=b problem\n",
    "A = Q*R\n",
    "x = randomNormal(T,m)\n",
    "b = A*x;"
   ]
  },
  {
   "cell_type": "code",
   "execution_count": 44,
   "metadata": {},
   "outputs": [
    {
     "data": {
      "text/plain": [
       "3.141592653589793238462643383279502884197169399375105820974944592307816406286198"
      ]
     },
     "execution_count": 44,
     "metadata": {},
     "output_type": "execute_result"
    }
   ],
   "source": [
    "BigFloat(π)"
   ]
  },
  {
   "cell_type": "code",
   "execution_count": 45,
   "metadata": {},
   "outputs": [
    {
     "name": "stdout",
     "output_type": "stream",
     "text": [
      "κ = 1.0e+13,  BigFloat\n",
      "\n",
      "\t Aerr   Qerr   Rerr   Ierr   xerr\n",
      "qrcgs\t 3e-78  3e-55  4e-68  8e-56  4e-52\n",
      "qrmgs\t 2e-78  4e-65  1e-77  1e-65  2e-52\n",
      "qrhouse\t 1e-77  4e-69  5e-77  2e-77  6e-65\n",
      "qr\t 4e-78  5e-70  4e-77  1e-77  8e-66\n"
     ]
    }
   ],
   "source": [
    "# compute and print normalized errors in a table\n",
    "\n",
    "println(\"κ = $κ,  $T\\n\")\n",
    "println(\"\\t Aerr   Qerr   Rerr   Ierr   xerr\")\n",
    "\n",
    "for qralg in (qrcgs, qrmgs, qrhouse, qr)\n",
    "    (Q̂, R̂) = qralg(A)\n",
    "    Q̂ = Matrix(Q̂)\n",
    "    x̂ = backsolve(R̂, Q̂'*b)\n",
    "    Aerr = norm(A-Q̂*R̂)\n",
    "    Qerr = norm(Q-Q̂)\n",
    "    Rerr = norm(R̂-R)/norm(R)\n",
    "    Ierr = norm(Q̂'*Q̂-I)/m\n",
    "    xerr = norm(x̂-x)/norm(x)\n",
    "    #print(\"$Qerr $Rerr $Ierr $xerr\\n\")\n",
    "    @printf(\"%s\\t %.0e  %.0e  %.0e  %.0e  %.0e\\n\", qralg, Aerr, Qerr, Rerr, Ierr, xerr)\n",
    "end"
   ]
  },
  {
   "cell_type": "markdown",
   "metadata": {},
   "source": [
    "## Plot deviation of Q matrices from orthogonality\n",
    "\n",
    "We'll do this on a larger matrix (64 x 64) with the same condition number\n",
    "so that the plots are smoother."
   ]
  },
  {
   "cell_type": "code",
   "execution_count": 52,
   "metadata": {},
   "outputs": [],
   "source": [
    "# matrix A parameters\n",
    "m = 64              # size of matrix A, m x m\n",
    "κ = 1e14            # condition number for matrix A\n",
    "T = Float64         # matrix element type\n",
    "setprecision(256)   # bits of precision for BigFloat\n",
    "ϵ = eps(T)          # machine precision \n",
    "\n",
    "# construct A with known QR decomposition and condition number\n",
    "\n",
    "c = κ^(-one(T)/(m-1) )  # auxiliary variable for singular values\n",
    "σ = c.^(0:m-1)          # singular values log-scaled between 1 and 1/κ\n",
    "Σ = diagm(σ)   \n",
    "\n",
    "(U,tmp) = qr(randomNormal(T,m,m)) # set U to random unitary matrix\n",
    "(V,tmp) = qr(randomNormal(T,m,m)) # set V to random unitary matrix\n",
    "(tmp,R) = qr(U*Σ*V')              # set R random up-tri with given sing vals\n",
    "rectify!(R)                       # make Rjj positive\n",
    "(Q,tmp) = qr(randomNormal(T,m,m)) # set Q to random unitary matrix \n",
    "\n",
    "# construct Ax=b problem with known solution x\n",
    "A = Q*R\n",
    "x = randomNormal(T,m)\n",
    "b = A*x\n",
    "\n",
    "# compute QR decomp via three different algorithms\n",
    "(Qg, Rg) = qrcgs(A)\n",
    "(Qm, Rm) = qrmgs(A)\n",
    "(Qh, Rh) = qrhouse(A);"
   ]
  },
  {
   "cell_type": "code",
   "execution_count": 53,
   "metadata": {},
   "outputs": [
    {
     "data": {
