{
 "cells": [
  {
   "cell_type": "markdown",
   "metadata": {},
   "source": [
    "# Comparison of QR algorithms\n",
    "\n",
    "IAM 961 Numerical Linear Algebra, University of New Hampshire, J. Gibson 2024-09-23\n",
    "\n",
    "  1. Construct matrix $A$ with known QR decomposition and given singular values.\n",
    "  2. Compute QR decomposition of $A$ using Classical Graham-Schmidt, Modified Gram-Schmidt, and Householder algorithms.\n",
    "  3. Show the deviations of the three QR factorizations from ideal, in terms of $Ax=b$ error and nonorthogonality."
   ]
  },
  {
   "cell_type": "code",
   "execution_count": 1,
   "metadata": {},
   "outputs": [
    {
     "data": {
      "text/plain": [
       "randomNormal (generic function with 2 methods)"
      ]
     },
     "execution_count": 1,
     "metadata": {},
     "output_type": "execute_result"
    }
   ],
   "source": [
    "using LinearAlgebra\n",
    "using Plots\n",
    "using GenericSVD\n",
    "\n",
    "include(\"qralgorithms.jl\") # my code for QR algorithms"
   ]
  },
  {
   "cell_type": "markdown",
   "metadata": {},
   "source": [
    "## Construct random matrix $A$ with known QR decomposition\n",
    "\n",
    "Build $A$ as product of random unitary $Q$ and upper-triangular $R$ with a specified singular value spectrum and condition number.\n",
    "\n",
    "Note that the matrix element type is parameterized. Choice for type include `Float16, Float32, Float64, BigFloat, ComplexF16, ...`."
   ]
  },
  {
   "cell_type": "code",
   "execution_count": 2,
   "metadata": {},
   "outputs": [
    {
     "data": {
      "text/plain": [
       "5×5 Matrix{Float64}:\n",
       " -0.0583458   0.10115     0.341615  -0.0712581  -0.101789\n",
       " -0.0613938   0.106024    0.359004  -0.0749985  -0.107541\n",
       "  0.0346338  -0.0599295  -0.202659   0.042305    0.0605431\n",
       "  0.0651125  -0.113234   -0.381628   0.0795075   0.113222\n",
       "  0.103582   -0.179977   -0.606927   0.126489    0.180282"
      ]
     },
     "execution_count": 2,
     "metadata": {},
     "output_type": "execute_result"
    }
   ],
   "source": [
    "# matrix A parameters\n",
    "m = 5               # size of matrix A, m x m\n",
    "κ = 1e12            # condition number for matrix A\n",
    "T = Float64         # matrix element type\n",
    "setprecision(256)   # bits of precision for BigFloat\n",
    "ϵ = eps(T)          # machine precision \n",
    "\n",
    "# construct singular value spectrum \n",
    "c = κ^(-one(T)/(m-1) )  # auxiliary variable for singular values\n",
    "σ = c.^(0:m-1)          # singular values log-scaled between 1 and 1/κ\n",
    "Σ = diagm(σ)   \n",
    "\n",
    "# construct Q,R matrices\n",
    "(U,tmp) = qr(randomNormal(T,m,m)) # set U to random unitary matrix\n",
    "(V,tmp) = qr(randomNormal(T,m,m)) # set V to random unitary matrix\n",
    "(tmp,R) = qr(U*Σ*V')              # set R to random up-tri with given singular values\n",
    "rectify!(R)                       # make Rjj positive\n",
    "(Q,tmp) = qr(randomNormal(T,m,m)) # set Q to random unitary matrix \n",
    "\n",
    "# set A to known QR decomposition\n",
    "A = Q*R"
   ]
  },
  {
   "cell_type": "code",
   "execution_count": 3,
   "metadata": {},
   "outputs": [
    {
     "data": {
      "text/plain": [
       "1.0000017126029948e12"
      ]
     },
     "execution_count": 3,
     "metadata": {},
     "output_type": "execute_result"
    }
   ],
   "source": [
    "cond(A)"
   ]
  },
  {
   "cell_type": "code",
   "execution_count": 4,
   "metadata": {},
   "outputs": [
    {
     "data": {
      "text/plain": [
       "5-element Vector{Float64}:\n",
       " 0.9999999999999998\n",
       " 0.0010000000000000419\n",
       " 9.999999999760044e-7\n",
       " 1.0000000271921362e-9\n",
       " 9.99998287399938e-13"
      ]
     },
     "execution_count": 4,
     "metadata": {},
     "output_type": "execute_result"
    }
   ],
   "source": [
    "svdvals(A)"
   ]
  },
  {
   "cell_type": "markdown",
   "metadata": {},
   "source": [
    "## Examine and verify the constructed QR decomposition of $A$"
   ]
  },
  {
   "cell_type": "code",
   "execution_count": 5,
   "metadata": {},
   "outputs": [
    {
     "data": {
      "text/plain": [
       "5×5 LinearAlgebra.QRCompactWYQ{Float64, Matrix{Float64}, Matrix{Float64}}"
      ]
     },
     "execution_count": 5,
     "metadata": {},
     "output_type": "execute_result"
    }
   ],
   "source": [
    "Q"
   ]
  },
  {
   "cell_type": "code",
   "execution_count": 6,
   "metadata": {},
   "outputs": [
    {
     "data": {
      "text/plain": [
       "5×5 Matrix{Float64}:\n",
       " -0.381893  -0.138541  -0.334333  -0.815783   -0.240174\n",
       " -0.401844  -0.783689  -0.244393   0.377823    0.147899\n",
       "  0.22669    0.257727  -0.889863   0.259464   -0.151695\n",
       "  0.426184  -0.393312   0.143968   0.0439955  -0.800632\n",
       "  0.677981  -0.381471  -0.126141  -0.349987    0.506379"
      ]
     },
     "execution_count": 6,
     "metadata": {},
     "output_type": "execute_result"
    }
   ],
   "source": [
    "Matrix(Q)"
   ]
  },
  {
   "cell_type": "code",
   "execution_count": 7,
   "metadata": {},
   "outputs": [
    {
     "data": {
      "text/plain": [
       "5×5 Matrix{Float64}:\n",
       " 0.15278  -0.265099    -0.894793      0.186583     0.266293\n",
       " 0.0       0.00064337   0.000717858   2.77362e-5   0.000680152\n",
       " 0.0       0.0          3.26627e-6   -1.51194e-6  -2.08388e-6\n",
       " 0.0       0.0          0.0           1.33035e-9   8.21971e-10\n",
       " 0.0       0.0          0.0           0.0          2.34127e-12"
      ]
     },
     "execution_count": 7,
     "metadata": {},
     "output_type": "execute_result"
    }
   ],
   "source": [
    "R"
   ]
  },
  {
   "cell_type": "code",
   "execution_count": 8,
   "metadata": {},
   "outputs": [
    {
     "data": {
      "text/plain": [
       "5×5 Matrix{Float64}:\n",
       "  1.0           5.55112e-17  -5.55112e-17   3.33067e-16   1.11022e-16\n",
       " -5.55112e-17   1.0           0.0          -1.66533e-16  -1.11022e-16\n",
       "  1.11022e-16   5.55112e-17   1.0           1.11022e-16   2.77556e-17\n",
       "  0.0          -2.77556e-16   8.32667e-17   1.0           3.33067e-16\n",
       "  0.0          -1.11022e-16   0.0           2.22045e-16   1.0"
      ]
     },
     "execution_count": 8,
     "metadata": {},
     "output_type": "execute_result"
    }
   ],
   "source": [
    "Q'*Q"
   ]
  },
  {
   "cell_type": "code",
   "execution_count": 9,
   "metadata": {},
   "outputs": [
    {
     "data": {
      "text/plain": [
       "1.0941471808815786e-15"
      ]
     },
     "execution_count": 9,
     "metadata": {},
     "output_type": "execute_result"
    }
   ],
   "source": [
    "norm(I-Q'*Q)"
   ]
  },
  {
   "cell_type": "code",
   "execution_count": 10,
   "metadata": {},
   "outputs": [
    {
     "data": {
      "text/plain": [
       "5×5 Matrix{Float64}:\n",
       " -0.0583458   0.10115     0.341615  -0.0712581  -0.101789\n",
       " -0.0613938   0.106024    0.359004  -0.0749985  -0.107541\n",
       "  0.0346338  -0.0599295  -0.202659   0.042305    0.0605431\n",
       "  0.0651125  -0.113234   -0.381628   0.0795075   0.113222\n",
       "  0.103582   -0.179977   -0.606927   0.126489    0.180282"
      ]
     },
     "execution_count": 10,
     "metadata": {},
     "output_type": "execute_result"
    }
   ],
   "source": [
    "Q*R"
   ]
  },
  {
   "cell_type": "code",
   "execution_count": 11,
   "metadata": {},
   "outputs": [
    {
     "data": {
      "text/plain": [
       "5×5 Matrix{Float64}:\n",
       " -0.0583458   0.10115     0.341615  -0.0712581  -0.101789\n",
       " -0.0613938   0.106024    0.359004  -0.0749985  -0.107541\n",
       "  0.0346338  -0.0599295  -0.202659   0.042305    0.0605431\n",
       "  0.0651125  -0.113234   -0.381628   0.0795075   0.113222\n",
       "  0.103582   -0.179977   -0.606927   0.126489    0.180282"
      ]
     },
     "execution_count": 11,
     "metadata": {},
     "output_type": "execute_result"
    }
   ],
   "source": [
    "A"
   ]
  },
  {
   "cell_type": "code",
   "execution_count": 12,
   "metadata": {},
   "outputs": [
    {
     "data": {
      "text/plain": [
       "5×5 Matrix{Float64}:\n",
       " 0.0  0.0  0.0  0.0  0.0\n",
       " 0.0  0.0  0.0  0.0  0.0\n",
       " 0.0  0.0  0.0  0.0  0.0\n",
       " 0.0  0.0  0.0  0.0  0.0\n",
       " 0.0  0.0  0.0  0.0  0.0"
      ]
     },
     "execution_count": 12,
     "metadata": {},
     "output_type": "execute_result"
    }
   ],
   "source": [
    "A - Q*R"
   ]
  },
  {
   "cell_type": "markdown",
   "metadata": {},
   "source": [
    "## Construct $Ax=b$ problem with known solution $x$"
   ]
  },
  {
   "cell_type": "code",
   "execution_count": 13,
   "metadata": {},
   "outputs": [
    {
     "data": {
      "text/plain": [
       "5-element Vector{Float64}:\n",
       "  0.23508001239144624\n",
       "  0.24797172533617517\n",
       " -0.1397157058541976\n",
       " -0.2618203593293926\n",
       " -0.4167438877359533"
      ]
     },
     "execution_count": 13,
     "metadata": {},
     "output_type": "execute_result"
    }
   ],
   "source": [
    "x = randomNormal(T,m)\n",
    "b = A*x"
   ]
  },
  {
   "cell_type": "code",
   "execution_count": 14,
   "metadata": {},
   "outputs": [
    {
     "data": {
      "text/plain": [
       "5×5 Matrix{Float64}:\n",
       " -0.0583458   0.10115     0.341615  -0.0712581  -0.101789\n",
       " -0.0613938   0.106024    0.359004  -0.0749985  -0.107541\n",
       "  0.0346338  -0.0599295  -0.202659   0.042305    0.0605431\n",
       "  0.0651125  -0.113234   -0.381628   0.0795075   0.113222\n",
       "  0.103582   -0.179977   -0.606927   0.126489    0.180282"
      ]
     },
     "execution_count": 14,
     "metadata": {},
     "output_type": "execute_result"
    }
   ],
   "source": [
    "A"
   ]
  },
  {
   "cell_type": "code",
   "execution_count": 15,
   "metadata": {},
   "outputs": [
    {
     "data": {
      "text/plain": [
       "5-element Vector{Float64}:\n",
       "  0.23508001239144624\n",
       "  0.24797172533617517\n",
       " -0.1397157058541976\n",
       " -0.2618203593293926\n",
       " -0.4167438877359533"
      ]
     },
     "execution_count": 15,
     "metadata": {},
     "output_type": "execute_result"
    }
   ],
   "source": [
    "A*x"
   ]
  },
  {
   "cell_type": "code",
   "execution_count": 16,
   "metadata": {},
   "outputs": [
    {
     "data": {
      "text/plain": [
       "5-element Vector{Float64}:\n",
       "  0.23508001239144624\n",
       "  0.24797172533617517\n",
       " -0.1397157058541976\n",
       " -0.2618203593293926\n",
       " -0.4167438877359533"
      ]
     },
     "execution_count": 16,
     "metadata": {},
     "output_type": "execute_result"
    }
   ],
   "source": [
    "b"
   ]
  },
  {
   "cell_type": "code",
   "execution_count": 17,
   "metadata": {},
   "outputs": [
    {
     "data": {
      "text/plain": [
       "5-element Vector{Float64}:\n",
       " 0.0\n",
       " 0.0\n",
       " 0.0\n",
       " 0.0\n",
       " 0.0"
      ]
     },
     "execution_count": 17,
     "metadata": {},
     "output_type": "execute_result"
    }
   ],
   "source": [
    "A*x-b"
   ]
  },
  {
   "cell_type": "markdown",
   "metadata": {},
   "source": [
    "## Compute and compare QR decompositions with three different algorithms"
   ]
  },
  {
   "cell_type": "code",
   "execution_count": 18,
   "metadata": {},
   "outputs": [],
   "source": [
    "# compute QR decomp via three different algorithms\n",
    "(Qg, Rg) = qrcgs(A)    # Classical Gram-Schmidt\n",
    "(Qm, Rm) = qrmgs(A)    # Modified Gram-Schmidt\n",
    "(Qh, Rh) = qrhouse(A); # Householder"
   ]
  },
  {
   "cell_type": "code",
   "execution_count": 19,
   "metadata": {},
   "outputs": [
    {
     "name": "stdout",
     "output_type": "stream",
     "text": [
      "norm(A - Q * R) = 0.0\n",
      "norm(A - Qg * Rg) = 3.1031676915590914e-17\n",
      "norm(A - Qm * Rm) = 3.469446951953614e-17\n",
      "norm(A - Qh * Rh) = 9.352589120089009e-16\n"
     ]
    }
   ],
   "source": [
    "# compute error of QR decomps A = QR\n",
    "@show norm(A-Q*R)\n",
    "@show norm(A-Qg*Rg)\n",
    "@show norm(A-Qm*Rm)\n",
    "@show norm(A-Qh*Rh);"
   ]
  },
  {
   "cell_type": "code",
   "execution_count": 20,
   "metadata": {},
   "outputs": [
    {
     "data": {
      "text/plain": [
       "1.727233711018888925077270372560079914223200072887256277004740694033718360632485e-77"
      ]
     },
     "execution_count": 20,
     "metadata": {},
     "output_type": "execute_result"
    }
   ],
   "source": [
    "eps(BigFloat)"
   ]
  },
  {
   "cell_type": "code",
   "execution_count": 21,
   "metadata": {},
   "outputs": [
    {
     "name": "stdout",
     "output_type": "stream",
     "text": [
      "norm(x) = 3.0252468937598005\n",
      "norm(A * x - b) = 0.0\n",
      "norm(x - backsolve(R, Q' * b)) / norm(x) = 0.00010579702298078701\n",
      "norm(x - backsolve(Rg, Qg' * b)) / norm(x) = 32.044490271094084\n",
      "norm(x - backsolve(Rm, Qm' * b)) / norm(x) = 499365.97988385084\n",
      "norm(x - backsolve(Rh, Qh' * b)) / norm(x) = 3.04342553976286e-6\n"
     ]
    }
   ],
   "source": [
    "# compute norm of QR solution to Ax=b\n",
    "@show norm(x)\n",
    "@show norm(A*x - b)\n",
    "@show norm(x - backsolve(R, Q'*b))/norm(x)\n",
    "@show norm(x - backsolve(Rg, Qg'*b))/norm(x)\n",
    "@show norm(x - backsolve(Rm, Qm'*b))/norm(x)\n",
    "@show norm(x - backsolve(Rh, Qh'*b))/norm(x);"
   ]
  },
  {
   "cell_type": "code",
   "execution_count": 22,
   "metadata": {},
   "outputs": [
    {
     "data": {
      "text/plain": [
       "5×5 Matrix{Float64}:\n",
       " 0.15278  -0.265099    -0.894793      0.186583     0.266293\n",
       " 0.0       0.00064337   0.000717858   2.77362e-5   0.000680152\n",
       " 0.0       0.0          3.26627e-6   -1.51194e-6  -2.08388e-6\n",
       " 0.0       0.0          0.0           1.33035e-9   8.21971e-10\n",
       " 0.0       0.0          0.0           0.0          2.34127e-12"
      ]
     },
     "execution_count": 22,
     "metadata": {},
     "output_type": "execute_result"
    }
   ],
   "source": [
    "R"
   ]
  },
  {
   "cell_type": "code",
   "execution_count": 23,
   "metadata": {},
   "outputs": [
    {
     "data": {
      "text/plain": [
       "5×5 Matrix{Float64}:\n",
       " 0.15278  -0.265099    -0.894793      0.186583     0.266293\n",
       " 0.0       0.00064337   0.000717858   2.77362e-5   0.000680152\n",
       " 0.0       0.0          3.26627e-6   -1.51193e-6  -2.08386e-6\n",
       " 0.0       0.0          0.0           1.33037e-9   2.28122e-8\n",
       " 0.0       0.0          0.0           0.0          2.19902e-8"
      ]
     },
     "execution_count": 23,
     "metadata": {},
     "output_type": "execute_result"
    }
   ],
   "source": [
    "Rg"
   ]
  },
  {
   "cell_type": "code",
   "execution_count": 24,
   "metadata": {},
   "outputs": [
    {
     "data": {
      "text/plain": [
       "5×5 Matrix{Float64}:\n",
       " 0.15278  -0.265099    -0.894793      0.186583     0.266293\n",
       " 0.0       0.00064337   0.000717858   2.77362e-5   0.000680152\n",
       " 0.0       0.0          3.26627e-6   -1.51194e-6  -2.08388e-6\n",
       " 0.0       0.0          0.0           1.33035e-9   8.21971e-10\n",
       " 0.0       0.0          0.0           0.0          2.34125e-12"
      ]
     },
     "execution_count": 24,
     "metadata": {},
     "output_type": "execute_result"
    }
   ],
   "source": [
    "Rm"
   ]
  },
  {
   "cell_type": "code",
   "execution_count": 25,
   "metadata": {},
   "outputs": [
    {
     "data": {
      "text/plain": [
       "5×5 Matrix{Float64}:\n",
       " 0.15278  -0.265099    -0.894793      0.186583     0.266293\n",
       " 0.0       0.00064337   0.000717858   2.77362e-5   0.000680152\n",
       " 0.0       0.0          3.26627e-6   -1.51194e-6  -2.08388e-6\n",
       " 0.0       0.0          0.0           1.33035e-9   8.21971e-10\n",
       " 0.0       0.0          0.0           0.0          2.34128e-12"
      ]
     },
     "execution_count": 25,
     "metadata": {},
     "output_type": "execute_result"
    }
   ],
   "source": [
    "Rh"
   ]
  },
  {
   "cell_type": "code",
   "execution_count": 26,
   "metadata": {},
   "outputs": [
    {
     "name": "stdout",
     "output_type": "stream",
     "text": [
      "norm(Rg - R) = 3.109723491062542e-8\n",
      "norm(Rm - R) = 1.3685661779160217e-16\n",
      "norm(Rh - R) = 5.31061657730251e-16\n"
     ]
    },
    {
     "data": {
      "text/plain": [
       "5.31061657730251e-16"
      ]
     },
     "execution_count": 26,
     "metadata": {},
     "output_type": "execute_result"
    }
   ],
   "source": [
    "# show errors in R matrices\n",
    "@show norm(Rg - R)\n",
    "@show norm(Rm - R)\n",
    "@show norm(Rh - R)"
   ]
  },
  {
   "cell_type": "code",
   "execution_count": 27,
   "metadata": {},
   "outputs": [
    {
     "data": {
      "text/plain": [
       "5×5 Matrix{Float64}:\n",
       " -0.381893  -0.138541  -0.334333  -0.813818   0.814011\n",
       " -0.401844  -0.783689  -0.244393   0.379238  -0.379066\n",
       "  0.22669    0.257727  -0.889863   0.264658  -0.2641\n",
       "  0.426184  -0.393312   0.143968   0.043151  -0.0433295\n",
       "  0.677981  -0.381471  -0.126141  -0.349247   0.349383"
      ]
     },
     "execution_count": 27,
     "metadata": {},
     "output_type": "execute_result"
    }
   ],
   "source": [
    "Qg"
   ]
  },
  {
   "cell_type": "code",
   "execution_count": 28,
   "metadata": {},
   "outputs": [
    {
     "data": {
      "text/plain": [
       "5×5 Matrix{Float64}:\n",
       " -0.381893  -0.138541  -0.334333  -0.815783   -0.240175\n",
       " -0.401844  -0.783689  -0.244393   0.377823    0.147898\n",
       "  0.22669    0.257727  -0.889863   0.259464   -0.151695\n",
       "  0.426184  -0.393312   0.143968   0.0439955  -0.80063\n",
       "  0.677981  -0.381471  -0.126141  -0.349987    0.506381"
      ]
     },
     "execution_count": 28,
     "metadata": {},
     "output_type": "execute_result"
    }
   ],
   "source": [
    "Qm"
   ]
  },
  {
   "cell_type": "code",
   "execution_count": 29,
   "metadata": {},
   "outputs": [
    {
     "data": {
      "text/plain": [
       "5×5 Matrix{Float64}:\n",
       " -0.381893  -0.138541  -0.334333  -0.815783   -0.240174\n",
       " -0.401844  -0.783689  -0.244393   0.377823    0.147899\n",
       "  0.22669    0.257727  -0.889863   0.259464   -0.151695\n",
       "  0.426184  -0.393312   0.143968   0.0439955  -0.800632\n",
       "  0.677981  -0.381471  -0.126141  -0.349987    0.506379"
      ]
     },
     "execution_count": 29,
     "metadata": {},
     "output_type": "execute_result"
    }
   ],
   "source": [
    "Qh"
   ]
  },
  {
   "cell_type": "code",
   "execution_count": 30,
   "metadata": {},
   "outputs": [
    {
     "data": {
      "text/plain": [
       "5×5 Matrix{Float64}:\n",
       " -0.381893  -0.138541  -0.334333  -0.815783   -0.240174\n",
       " -0.401844  -0.783689  -0.244393   0.377823    0.147899\n",
       "  0.22669    0.257727  -0.889863   0.259464   -0.151695\n",
       "  0.426184  -0.393312   0.143968   0.0439955  -0.800632\n",
       "  0.677981  -0.381471  -0.126141  -0.349987    0.506379"
      ]
     },
     "execution_count": 30,
     "metadata": {},
     "output_type": "execute_result"
    }
   ],
   "source": [
    "Q_ = Matrix(Q)"
   ]
  },
  {
   "cell_type": "code",
   "execution_count": 31,
   "metadata": {},
   "outputs": [
    {
     "name": "stdout",
     "output_type": "stream",
     "text": [
      "norm(Qg - Q_) = 1.4141503387149232\n",
      "norm(Qm - Q_) = 2.4565014376127577e-6\n",
      "norm(Qh - Q_) = 3.362315182401789e-8\n"
     ]
    },
    {
     "data": {
      "text/plain": [
       "3.362315182401789e-8"
      ]
     },
     "execution_count": 31,
     "metadata": {},
     "output_type": "execute_result"
    }
   ],
   "source": [
    "# show errors in Q matrices\n",
    "@show norm(Qg - Q_)\n",
    "@show norm(Qm - Q_)\n",
    "@show norm(Qh - Q_)"
   ]
  },
  {
   "cell_type": "code",
   "execution_count": 32,
   "metadata": {},
   "outputs": [
    {
     "name": "stdout",
     "output_type": "stream",
     "text": [
      "norm(Q' * Q - I) = 1.0941471808815786e-15\n",
      "norm(Qg' * Qg - I) = 1.4142564453808684\n",
      "norm(Qm' * Qm - I) = 3.473975274028013e-6\n",
      "norm(Qh' * Qh - I) = 2.190249624721117e-15\n"
     ]
    },
    {
     "data": {
      "text/plain": [
       "2.190249624721117e-15"
      ]
     },
     "execution_count": 32,
     "metadata": {},
     "output_type": "execute_result"
    }
   ],
   "source": [
    "# show nonnormality of Q matrices, via error of Q' Q = I\n",
    "@show norm(Q'*Q - I)\n",
    "@show norm(Qg'*Qg - I)\n",
    "@show norm(Qm'*Qm - I)\n",
    "@show norm(Qh'*Qh - I)"
   ]
  },
  {
   "cell_type": "markdown",
   "metadata": {},
   "source": [
    "## Plot devation of Q matrices from orthogonality\n",
    "\n",
    "We'll do this on a larger matrix (64 x 64) with the same condition number\n",
    "so that the plots are smoother."
   ]
  },
  {
   "cell_type": "code",
   "execution_count": 33,
   "metadata": {},
   "outputs": [],
   "source": [
    "# matrix A parameters\n",
    "m = 64              # size of matrix A, m x m\n",
    "κ = 1e12            # condition number for matrix A\n",
    "T = Float64         # matrix element type\n",
    "setprecision(256)   # bits of precision for BigFloat\n",
    "ϵ = eps(T)          # machine precision \n",
    "\n",
    "# construct A with known QR decomposition and condition number\n",
    "\n",
    "c = κ^(-one(T)/(m-1) )  # auxiliary variable for singular values\n",
    "σ = c.^(0:m-1)          # singular values log-scaled between 1 and 1/κ\n",
    "Σ = diagm(σ)   \n",
    "\n",
    "(U,tmp) = qr(randomNormal(T,m,m)) # set U to random unitary matrix\n",
    "(V,tmp) = qr(randomNormal(T,m,m)) # set V to random unitary matrix\n",
    "(tmp,R) = qr(U*Σ*V')              # set R random up-tri with given sing vals\n",
    "rectify!(R)                       # make Rjj positive\n",
    "(Q,tmp) = qr(randomNormal(T,m,m)) # set Q to random unitary matrix \n",
    "\n",
    "# construct Ax=b problem with known solution x\n",
    "A = Q*R\n",
    "x = randomNormal(T,m)\n",
    "b = A*x\n",
    "\n",
    "# compute QR decomp via three different algorithms\n",
    "(Qg, Rg) = qrcgs(A)\n",
    "(Qm, Rm) = qrmgs(A)\n",
    "(Qh, Rh) = qrhouse(A);"
   ]
  },
  {
   "cell_type": "code",
   "execution_count": 34,
   "metadata": {},
   "outputs": [
    {
     "data": {
